$ANSIBLE_VAULT;1.1;AES256
64333864613639366132656131393536303664616162663262366534656439633031653534643939
3863356631333265666539623830353634373061386262650a383138336635623764326361623136
39623930306262343365336462623335323461623435306232303163613766393733373964323730
3239303936316661390a333031363130613466623337316136376361376531643864323166656661
63356234316261643236376637643064653434643436313739663564653932356538326334353961
35623530343632333839626137636263333837313531346264343963336162343665636630663838
36336138386261383066336332366466343034376565616336336638623539336635363562326166
34613961396339633465666535643131373230633937613535643862383839343864313862643137
63643738373536646632343766653834613035643334363664623335663230366130626337633565
62656532613231313166366530346331366630326339386237323465653235373437393963346163
30303438633933333464313634373964663032653935666237613037366135373733396337363561
31653534306333363731313064323961626632623361393330653536363538666337383963373063
6665
