$ANSIBLE_VAULT;1.1;AES256
61376566613732623162303961303566306536333965653335666430373632363232313763353862
3836373366396164373632353439636237376235343130350a356663353735363537333836633138
36346265613066653134643434303036343130623837656133353739373231633335363439633663
3132613635353839330a366439313139393330376435386262386232633961376432316531323531
34373038343832333139326164666531323032356335333336666231393564353264636638333966
30356635343039336165666263616533353961373336376233343261653763336362366332396432
35663764633034313463666233383562666131633136626162313132653938656138653934666132
39306633396636383130373231316234626133353565353831626438353635643765653134653832
37663531376331333735326461333866646665376565633361366335336265373332623733643064
36656561333037333435633764663765376531633130303238323539313831633865383361376130
306533666135393632323761333662376263
